function [A] = Matrix3()
    A = [ 2 -0.5 1 -0.2; 1 -3 0.5 -0.5; 1 1 4 -0.5; 1 0.5 -1 3];
end